============================================================
Program for calculation of partial differential equations.  
============================================================
(c) Dr. Thomas Ludwig, TU München.
    Thomas A. Zochler, TU München.
    Andreas C. Schmidt, TU München.
============================================================

Berechnungszeit:    0.732272 s 
Speicherbedarf:     0.286392 MiB
Berechnungsmethode: Jacobi
Interlines:         16
Stoerfunktion:      f(x,y) = 2pi^2*sin(pi*x)sin(pi*y)
Terminierung:       Anzahl der Iterationen
Anzahl Iterationen: 3162
Norm des Fehlers:   5.809480e-05

Matrix:
 0.0000 0.0000 0.0000 0.0000 0.0000 0.0000 0.0000 0.0000 0.0000
 0.0000 0.0835 0.1542 0.2015 0.2181 0.2015 0.1542 0.0835 0.0000
 0.0000 0.1542 0.2850 0.3723 0.4030 0.3723 0.2850 0.1542 0.0000
 0.0000 0.2015 0.3723 0.4865 0.5265 0.4865 0.3723 0.2015 0.0000
 0.0000 0.2181 0.4030 0.5265 0.5699 0.5265 0.4030 0.2181 0.0000
 0.0000 0.2015 0.3723 0.4865 0.5265 0.4865 0.3723 0.2015 0.0000
 0.0000 0.1542 0.2850 0.3723 0.4030 0.3723 0.2850 0.1542 0.0000
 0.0000 0.0835 0.1542 0.2015 0.2181 0.2015 0.1542 0.0835 0.0000
 0.0000 0.0000 0.0000 0.0000 0.0000 0.0000 0.0000 0.0000 0.0000
============================================================
Program for calculation of partial differential equations.  
============================================================
(c) Dr. Thomas Ludwig, TU München.
    Thomas A. Zochler, TU München.
    Andreas C. Schmidt, TU München.
============================================================

Berechnungszeit:    0.733245 s 
Speicherbedarf:     0.286392 MiB
Berechnungsmethode: Jacobi
Interlines:         16
Stoerfunktion:      f(x,y) = 2pi^2*sin(pi*x)sin(pi*y)
Terminierung:       Anzahl der Iterationen
Anzahl Iterationen: 3162
Norm des Fehlers:   5.809480e-05

Matrix:
 0.0000 0.0000 0.0000 0.0000 0.0000 0.0000 0.0000 0.0000 0.0000
 0.0000 0.0835 0.1542 0.2015 0.2181 0.2015 0.1542 0.0835 0.0000
 0.0000 0.1542 0.2850 0.3723 0.4030 0.3723 0.2850 0.1542 0.0000
 0.0000 0.2015 0.3723 0.4865 0.5265 0.4865 0.3723 0.2015 0.0000
 0.0000 0.2181 0.4030 0.5265 0.5699 0.5265 0.4030 0.2181 0.0000
 0.0000 0.2015 0.3723 0.4865 0.5265 0.4865 0.3723 0.2015 0.0000
 0.0000 0.1542 0.2850 0.3723 0.4030 0.3723 0.2850 0.1542 0.0000
 0.0000 0.0835 0.1542 0.2015 0.2181 0.2015 0.1542 0.0835 0.0000
 0.0000 0.0000 0.0000 0.0000 0.0000 0.0000 0.0000 0.0000 0.0000
============================================================
Program for calculation of partial differential equations.  
============================================================
(c) Dr. Thomas Ludwig, TU München.
    Thomas A. Zochler, TU München.
    Andreas C. Schmidt, TU München.
============================================================

Berechnungszeit:    0.731330 s 
Speicherbedarf:     0.286392 MiB
Berechnungsmethode: Jacobi
Interlines:         16
Stoerfunktion:      f(x,y) = 2pi^2*sin(pi*x)sin(pi*y)
Terminierung:       Anzahl der Iterationen
Anzahl Iterationen: 3162
Norm des Fehlers:   5.809480e-05

Matrix:
 0.0000 0.0000 0.0000 0.0000 0.0000 0.0000 0.0000 0.0000 0.0000
 0.0000 0.0835 0.1542 0.2015 0.2181 0.2015 0.1542 0.0835 0.0000
 0.0000 0.1542 0.2850 0.3723 0.4030 0.3723 0.2850 0.1542 0.0000
 0.0000 0.2015 0.3723 0.4865 0.5265 0.4865 0.3723 0.2015 0.0000
 0.0000 0.2181 0.4030 0.5265 0.5699 0.5265 0.4030 0.2181 0.0000
 0.0000 0.2015 0.3723 0.4865 0.5265 0.4865 0.3723 0.2015 0.0000
 0.0000 0.1542 0.2850 0.3723 0.4030 0.3723 0.2850 0.1542 0.0000
 0.0000 0.0835 0.1542 0.2015 0.2181 0.2015 0.1542 0.0835 0.0000
 0.0000 0.0000 0.0000 0.0000 0.0000 0.0000 0.0000 0.0000 0.0000
============================================================
Program for calculation of partial differential equations.  
============================================================
(c) Dr. Thomas Ludwig, TU München.
    Thomas A. Zochler, TU München.
    Andreas C. Schmidt, TU München.
============================================================

Berechnungszeit:    0.730376 s 
Speicherbedarf:     0.286392 MiB
Berechnungsmethode: Jacobi
Interlines:         16
Stoerfunktion:      f(x,y) = 2pi^2*sin(pi*x)sin(pi*y)
Terminierung:       Anzahl der Iterationen
Anzahl Iterationen: 3162
Norm des Fehlers:   5.809480e-05

Matrix:
 0.0000 0.0000 0.0000 0.0000 0.0000 0.0000 0.0000 0.0000 0.0000
 0.0000 0.0835 0.1542 0.2015 0.2181 0.2015 0.1542 0.0835 0.0000
 0.0000 0.1542 0.2850 0.3723 0.4030 0.3723 0.2850 0.1542 0.0000
 0.0000 0.2015 0.3723 0.4865 0.5265 0.4865 0.3723 0.2015 0.0000
 0.0000 0.2181 0.4030 0.5265 0.5699 0.5265 0.4030 0.2181 0.0000
 0.0000 0.2015 0.3723 0.4865 0.5265 0.4865 0.3723 0.2015 0.0000
 0.0000 0.1542 0.2850 0.3723 0.4030 0.3723 0.2850 0.1542 0.0000
 0.0000 0.0835 0.1542 0.2015 0.2181 0.2015 0.1542 0.0835 0.0000
 0.0000 0.0000 0.0000 0.0000 0.0000 0.0000 0.0000 0.0000 0.0000
============================================================
Program for calculation of partial differential equations.  
============================================================
(c) Dr. Thomas Ludwig, TU München.
    Thomas A. Zochler, TU München.
    Andreas C. Schmidt, TU München.
============================================================

Berechnungszeit:    0.728694 s 
Speicherbedarf:     0.286392 MiB
Berechnungsmethode: Jacobi
Interlines:         16
Stoerfunktion:      f(x,y) = 2pi^2*sin(pi*x)sin(pi*y)
Terminierung:       Anzahl der Iterationen
Anzahl Iterationen: 3162
Norm des Fehlers:   5.809480e-05

Matrix:
 0.0000 0.0000 0.0000 0.0000 0.0000 0.0000 0.0000 0.0000 0.0000
 0.0000 0.0835 0.1542 0.2015 0.2181 0.2015 0.1542 0.0835 0.0000
 0.0000 0.1542 0.2850 0.3723 0.4030 0.3723 0.2850 0.1542 0.0000
 0.0000 0.2015 0.3723 0.4865 0.5265 0.4865 0.3723 0.2015 0.0000
 0.0000 0.2181 0.4030 0.5265 0.5699 0.5265 0.4030 0.2181 0.0000
 0.0000 0.2015 0.3723 0.4865 0.5265 0.4865 0.3723 0.2015 0.0000
 0.0000 0.1542 0.2850 0.3723 0.4030 0.3723 0.2850 0.1542 0.0000
 0.0000 0.0835 0.1542 0.2015 0.2181 0.2015 0.1542 0.0835 0.0000
 0.0000 0.0000 0.0000 0.0000 0.0000 0.0000 0.0000 0.0000 0.0000
