============================================================
Program for calculation of partial differential equations.  
============================================================
(c) Dr. Thomas Ludwig, TU München.
    Thomas A. Zochler, TU München.
    Andreas C. Schmidt, TU München.
============================================================

Berechnungszeit:    0.048951 s 
Speicherbedarf:     0.009537 MiB
Berechnungsmethode: Jacobi
Interlines:         2
Stoerfunktion:      f(x,y) = 2pi^2*sin(pi*x)sin(pi*y)
Terminierung:       Anzahl der Iterationen
Anzahl Iterationen: 3162
Norm des Fehlers:   6.883383e-15

Matrix:
 0.0000 0.0000 0.0000 0.0000 0.0000 0.0000 0.0000 0.0000 0.0000
 0.0000 0.1467 0.2710 0.3541 0.3832 0.3541 0.2710 0.1467 0.0000
 0.0000 0.2710 0.5007 0.6542 0.7081 0.6542 0.5007 0.2710 0.0000
 0.0000 0.3541 0.6542 0.8548 0.9252 0.8548 0.6542 0.3541 0.0000
 0.0000 0.3832 0.7081 0.9252 1.0014 0.9252 0.7081 0.3832 0.0000
 0.0000 0.3541 0.6542 0.8548 0.9252 0.8548 0.6542 0.3541 0.0000
 0.0000 0.2710 0.5007 0.6542 0.7081 0.6542 0.5007 0.2710 0.0000
 0.0000 0.1467 0.2710 0.3541 0.3832 0.3541 0.2710 0.1467 0.0000
 0.0000 0.0000 0.0000 0.0000 0.0000 0.0000 0.0000 0.0000 0.0000
============================================================
Program for calculation of partial differential equations.  
============================================================
(c) Dr. Thomas Ludwig, TU München.
    Thomas A. Zochler, TU München.
    Andreas C. Schmidt, TU München.
============================================================

Berechnungszeit:    0.047214 s 
Speicherbedarf:     0.009537 MiB
Berechnungsmethode: Jacobi
Interlines:         2
Stoerfunktion:      f(x,y) = 2pi^2*sin(pi*x)sin(pi*y)
Terminierung:       Anzahl der Iterationen
Anzahl Iterationen: 3162
Norm des Fehlers:   3.608225e-15

Matrix:
 0.0000 0.0000 0.0000 0.0000 0.0000 0.0000 0.0000 0.0000 0.0000
 0.0000 0.1467 0.2710 0.3541 0.3832 0.3541 0.2710 0.1467 0.0000
 0.0000 0.2710 0.5007 0.6542 0.7081 0.6542 0.5007 0.2710 0.0000
 0.0000 0.3541 0.6542 0.8548 0.9252 0.8548 0.6542 0.3541 0.0000
 0.0000 0.3832 0.7081 0.9252 1.0014 0.9252 0.7081 0.3832 0.0000
 0.0000 0.3541 0.6542 0.8548 0.9252 0.8548 0.6542 0.3541 0.0000
 0.0000 0.2710 0.5007 0.6542 0.7081 0.6542 0.5007 0.2710 0.0000
 0.0000 0.1467 0.2710 0.3541 0.3832 0.3541 0.2710 0.1467 0.0000
 0.0000 0.0000 0.0000 0.0000 0.0000 0.0000 0.0000 0.0000 0.0000
============================================================
Program for calculation of partial differential equations.  
============================================================
(c) Dr. Thomas Ludwig, TU München.
    Thomas A. Zochler, TU München.
    Andreas C. Schmidt, TU München.
============================================================

Berechnungszeit:    0.047571 s 
Speicherbedarf:     0.009537 MiB
Berechnungsmethode: Jacobi
Interlines:         2
Stoerfunktion:      f(x,y) = 2pi^2*sin(pi*x)sin(pi*y)
Terminierung:       Anzahl der Iterationen
Anzahl Iterationen: 3162
Norm des Fehlers:   6.883383e-15

Matrix:
 0.0000 0.0000 0.0000 0.0000 0.0000 0.0000 0.0000 0.0000 0.0000
 0.0000 0.1467 0.2710 0.3541 0.3832 0.3541 0.2710 0.1467 0.0000
 0.0000 0.2710 0.5007 0.6542 0.7081 0.6542 0.5007 0.2710 0.0000
 0.0000 0.3541 0.6542 0.8548 0.9252 0.8548 0.6542 0.3541 0.0000
 0.0000 0.3832 0.7081 0.9252 1.0014 0.9252 0.7081 0.3832 0.0000
 0.0000 0.3541 0.6542 0.8548 0.9252 0.8548 0.6542 0.3541 0.0000
 0.0000 0.2710 0.5007 0.6542 0.7081 0.6542 0.5007 0.2710 0.0000
 0.0000 0.1467 0.2710 0.3541 0.3832 0.3541 0.2710 0.1467 0.0000
 0.0000 0.0000 0.0000 0.0000 0.0000 0.0000 0.0000 0.0000 0.0000
============================================================
Program for calculation of partial differential equations.  
============================================================
(c) Dr. Thomas Ludwig, TU München.
    Thomas A. Zochler, TU München.
    Andreas C. Schmidt, TU München.
============================================================

Berechnungszeit:    0.045527 s 
Speicherbedarf:     0.009537 MiB
Berechnungsmethode: Jacobi
Interlines:         2
Stoerfunktion:      f(x,y) = 2pi^2*sin(pi*x)sin(pi*y)
Terminierung:       Anzahl der Iterationen
Anzahl Iterationen: 3162
Norm des Fehlers:   9.769963e-15

Matrix:
 0.0000 0.0000 0.0000 0.0000 0.0000 0.0000 0.0000 0.0000 0.0000
 0.0000 0.1467 0.2710 0.3541 0.3832 0.3541 0.2710 0.1467 0.0000
 0.0000 0.2710 0.5007 0.6542 0.7081 0.6542 0.5007 0.2710 0.0000
 0.0000 0.3541 0.6542 0.8548 0.9252 0.8548 0.6542 0.3541 0.0000
 0.0000 0.3832 0.7081 0.9252 1.0014 0.9252 0.7081 0.3832 0.0000
 0.0000 0.3541 0.6542 0.8548 0.9252 0.8548 0.6542 0.3541 0.0000
 0.0000 0.2710 0.5007 0.6542 0.7081 0.6542 0.5007 0.2710 0.0000
 0.0000 0.1467 0.2710 0.3541 0.3832 0.3541 0.2710 0.1467 0.0000
 0.0000 0.0000 0.0000 0.0000 0.0000 0.0000 0.0000 0.0000 0.0000
============================================================
Program for calculation of partial differential equations.  
============================================================
(c) Dr. Thomas Ludwig, TU München.
    Thomas A. Zochler, TU München.
    Andreas C. Schmidt, TU München.
============================================================

Berechnungszeit:    0.048147 s 
Speicherbedarf:     0.009537 MiB
Berechnungsmethode: Jacobi
Interlines:         2
Stoerfunktion:      f(x,y) = 2pi^2*sin(pi*x)sin(pi*y)
Terminierung:       Anzahl der Iterationen
Anzahl Iterationen: 3162
Norm des Fehlers:   3.608225e-15

Matrix:
 0.0000 0.0000 0.0000 0.0000 0.0000 0.0000 0.0000 0.0000 0.0000
 0.0000 0.1467 0.2710 0.3541 0.3832 0.3541 0.2710 0.1467 0.0000
 0.0000 0.2710 0.5007 0.6542 0.7081 0.6542 0.5007 0.2710 0.0000
 0.0000 0.3541 0.6542 0.8548 0.9252 0.8548 0.6542 0.3541 0.0000
 0.0000 0.3832 0.7081 0.9252 1.0014 0.9252 0.7081 0.3832 0.0000
 0.0000 0.3541 0.6542 0.8548 0.9252 0.8548 0.6542 0.3541 0.0000
 0.0000 0.2710 0.5007 0.6542 0.7081 0.6542 0.5007 0.2710 0.0000
 0.0000 0.1467 0.2710 0.3541 0.3832 0.3541 0.2710 0.1467 0.0000
 0.0000 0.0000 0.0000 0.0000 0.0000 0.0000 0.0000 0.0000 0.0000
