============================================================
Program for calculation of partial differential equations.  
============================================================
(c) Dr. Thomas Ludwig, TU München.
    Thomas A. Zochler, TU München.
    Andreas C. Schmidt, TU München.
============================================================

Berechnungszeit:    0.089712 s 
Speicherbedarf:     0.025650 MiB
Berechnungsmethode: Jacobi
Interlines:         4
Stoerfunktion:      f(x,y) = 2pi^2*sin(pi*x)sin(pi*y)
Terminierung:       Anzahl der Iterationen
Anzahl Iterationen: 3162
Norm des Fehlers:   4.158145e-08

Matrix:
 0.0000 0.0000 0.0000 0.0000 0.0000 0.0000 0.0000 0.0000 0.0000
 0.0000 0.1465 0.2707 0.3537 0.3829 0.3537 0.2707 0.1465 0.0000
 0.0000 0.2707 0.5002 0.6536 0.7074 0.6536 0.5002 0.2707 0.0000
 0.0000 0.3537 0.6536 0.8539 0.9243 0.8539 0.6536 0.3537 0.0000
 0.0000 0.3829 0.7074 0.9243 1.0005 0.9243 0.7074 0.3829 0.0000
 0.0000 0.3537 0.6536 0.8539 0.9243 0.8539 0.6536 0.3537 0.0000
 0.0000 0.2707 0.5002 0.6536 0.7074 0.6536 0.5002 0.2707 0.0000
 0.0000 0.1465 0.2707 0.3537 0.3829 0.3537 0.2707 0.1465 0.0000
 0.0000 0.0000 0.0000 0.0000 0.0000 0.0000 0.0000 0.0000 0.0000
============================================================
Program for calculation of partial differential equations.  
============================================================
(c) Dr. Thomas Ludwig, TU München.
    Thomas A. Zochler, TU München.
    Andreas C. Schmidt, TU München.
============================================================

Berechnungszeit:    0.087884 s 
Speicherbedarf:     0.025650 MiB
Berechnungsmethode: Jacobi
Interlines:         4
Stoerfunktion:      f(x,y) = 2pi^2*sin(pi*x)sin(pi*y)
Terminierung:       Anzahl der Iterationen
Anzahl Iterationen: 3162
Norm des Fehlers:   9.192198e-08

Matrix:
 0.0000 0.0000 0.0000 0.0000 0.0000 0.0000 0.0000 0.0000 0.0000
 0.0000 0.1465 0.2707 0.3537 0.3829 0.3537 0.2707 0.1465 0.0000
 0.0000 0.2707 0.5002 0.6536 0.7074 0.6536 0.5002 0.2707 0.0000
 0.0000 0.3537 0.6536 0.8539 0.9243 0.8539 0.6536 0.3537 0.0000
 0.0000 0.3829 0.7074 0.9243 1.0005 0.9243 0.7074 0.3829 0.0000
 0.0000 0.3537 0.6536 0.8539 0.9243 0.8539 0.6536 0.3537 0.0000
 0.0000 0.2707 0.5002 0.6536 0.7074 0.6536 0.5002 0.2707 0.0000
 0.0000 0.1465 0.2707 0.3537 0.3829 0.3537 0.2707 0.1465 0.0000
 0.0000 0.0000 0.0000 0.0000 0.0000 0.0000 0.0000 0.0000 0.0000
============================================================
Program for calculation of partial differential equations.  
============================================================
(c) Dr. Thomas Ludwig, TU München.
    Thomas A. Zochler, TU München.
    Andreas C. Schmidt, TU München.
============================================================

Berechnungszeit:    0.086227 s 
Speicherbedarf:     0.025650 MiB
Berechnungsmethode: Jacobi
Interlines:         4
Stoerfunktion:      f(x,y) = 2pi^2*sin(pi*x)sin(pi*y)
Terminierung:       Anzahl der Iterationen
Anzahl Iterationen: 3162
Norm des Fehlers:   9.192198e-08

Matrix:
 0.0000 0.0000 0.0000 0.0000 0.0000 0.0000 0.0000 0.0000 0.0000
 0.0000 0.1465 0.2707 0.3537 0.3829 0.3537 0.2707 0.1465 0.0000
 0.0000 0.2707 0.5002 0.6536 0.7074 0.6536 0.5002 0.2707 0.0000
 0.0000 0.3537 0.6536 0.8539 0.9243 0.8539 0.6536 0.3537 0.0000
 0.0000 0.3829 0.7074 0.9243 1.0005 0.9243 0.7074 0.3829 0.0000
 0.0000 0.3537 0.6536 0.8539 0.9243 0.8539 0.6536 0.3537 0.0000
 0.0000 0.2707 0.5002 0.6536 0.7074 0.6536 0.5002 0.2707 0.0000
 0.0000 0.1465 0.2707 0.3537 0.3829 0.3537 0.2707 0.1465 0.0000
 0.0000 0.0000 0.0000 0.0000 0.0000 0.0000 0.0000 0.0000 0.0000
============================================================
Program for calculation of partial differential equations.  
============================================================
(c) Dr. Thomas Ludwig, TU München.
    Thomas A. Zochler, TU München.
    Andreas C. Schmidt, TU München.
============================================================

Berechnungszeit:    0.085932 s 
Speicherbedarf:     0.025650 MiB
Berechnungsmethode: Jacobi
Interlines:         4
Stoerfunktion:      f(x,y) = 2pi^2*sin(pi*x)sin(pi*y)
Terminierung:       Anzahl der Iterationen
Anzahl Iterationen: 3162
Norm des Fehlers:   4.158145e-08

Matrix:
 0.0000 0.0000 0.0000 0.0000 0.0000 0.0000 0.0000 0.0000 0.0000
 0.0000 0.1465 0.2707 0.3537 0.3829 0.3537 0.2707 0.1465 0.0000
 0.0000 0.2707 0.5002 0.6536 0.7074 0.6536 0.5002 0.2707 0.0000
 0.0000 0.3537 0.6536 0.8539 0.9243 0.8539 0.6536 0.3537 0.0000
 0.0000 0.3829 0.7074 0.9243 1.0005 0.9243 0.7074 0.3829 0.0000
 0.0000 0.3537 0.6536 0.8539 0.9243 0.8539 0.6536 0.3537 0.0000
 0.0000 0.2707 0.5002 0.6536 0.7074 0.6536 0.5002 0.2707 0.0000
 0.0000 0.1465 0.2707 0.3537 0.3829 0.3537 0.2707 0.1465 0.0000
 0.0000 0.0000 0.0000 0.0000 0.0000 0.0000 0.0000 0.0000 0.0000
============================================================
Program for calculation of partial differential equations.  
============================================================
(c) Dr. Thomas Ludwig, TU München.
    Thomas A. Zochler, TU München.
    Andreas C. Schmidt, TU München.
============================================================

Berechnungszeit:    0.085997 s 
Speicherbedarf:     0.025650 MiB
Berechnungsmethode: Jacobi
Interlines:         4
Stoerfunktion:      f(x,y) = 2pi^2*sin(pi*x)sin(pi*y)
Terminierung:       Anzahl der Iterationen
Anzahl Iterationen: 3162
Norm des Fehlers:   9.192198e-08

Matrix:
 0.0000 0.0000 0.0000 0.0000 0.0000 0.0000 0.0000 0.0000 0.0000
 0.0000 0.1465 0.2707 0.3537 0.3829 0.3537 0.2707 0.1465 0.0000
 0.0000 0.2707 0.5002 0.6536 0.7074 0.6536 0.5002 0.2707 0.0000
 0.0000 0.3537 0.6536 0.8539 0.9243 0.8539 0.6536 0.3537 0.0000
 0.0000 0.3829 0.7074 0.9243 1.0005 0.9243 0.7074 0.3829 0.0000
 0.0000 0.3537 0.6536 0.8539 0.9243 0.8539 0.6536 0.3537 0.0000
 0.0000 0.2707 0.5002 0.6536 0.7074 0.6536 0.5002 0.2707 0.0000
 0.0000 0.1465 0.2707 0.3537 0.3829 0.3537 0.2707 0.1465 0.0000
 0.0000 0.0000 0.0000 0.0000 0.0000 0.0000 0.0000 0.0000 0.0000
