============================================================
Program for calculation of partial differential equations.  
============================================================
(c) Dr. Thomas Ludwig, TU München.
    Thomas A. Zochler, TU München.
    Andreas C. Schmidt, TU München.
============================================================

Berechnungszeit:    10.434323 s 
Speicherbedarf:     4.141861 MiB
Berechnungsmethode: Jacobi
Interlines:         64
Stoerfunktion:      f(x,y) = 2pi^2*sin(pi*x)sin(pi*y)
Terminierung:       Anzahl der Iterationen
Anzahl Iterationen: 3162
Norm des Fehlers:   8.642887e-06

Matrix:
 0.0000 0.0000 0.0000 0.0000 0.0000 0.0000 0.0000 0.0000 0.0000
 0.0000 0.0082 0.0152 0.0198 0.0215 0.0198 0.0152 0.0082 0.0000
 0.0000 0.0152 0.0280 0.0366 0.0397 0.0366 0.0280 0.0152 0.0000
 0.0000 0.0198 0.0366 0.0479 0.0518 0.0479 0.0366 0.0198 0.0000
 0.0000 0.0215 0.0397 0.0518 0.0561 0.0518 0.0397 0.0215 0.0000
 0.0000 0.0198 0.0366 0.0479 0.0518 0.0479 0.0366 0.0198 0.0000
 0.0000 0.0152 0.0280 0.0366 0.0397 0.0366 0.0280 0.0152 0.0000
 0.0000 0.0082 0.0152 0.0198 0.0215 0.0198 0.0152 0.0082 0.0000
 0.0000 0.0000 0.0000 0.0000 0.0000 0.0000 0.0000 0.0000 0.0000
============================================================
Program for calculation of partial differential equations.  
============================================================
(c) Dr. Thomas Ludwig, TU München.
    Thomas A. Zochler, TU München.
    Andreas C. Schmidt, TU München.
============================================================

Berechnungszeit:    10.359297 s 
Speicherbedarf:     4.141861 MiB
Berechnungsmethode: Jacobi
Interlines:         64
Stoerfunktion:      f(x,y) = 2pi^2*sin(pi*x)sin(pi*y)
Terminierung:       Anzahl der Iterationen
Anzahl Iterationen: 3162
Norm des Fehlers:   8.642887e-06

Matrix:
 0.0000 0.0000 0.0000 0.0000 0.0000 0.0000 0.0000 0.0000 0.0000
 0.0000 0.0082 0.0152 0.0198 0.0215 0.0198 0.0152 0.0082 0.0000
 0.0000 0.0152 0.0280 0.0366 0.0397 0.0366 0.0280 0.0152 0.0000
 0.0000 0.0198 0.0366 0.0479 0.0518 0.0479 0.0366 0.0198 0.0000
 0.0000 0.0215 0.0397 0.0518 0.0561 0.0518 0.0397 0.0215 0.0000
 0.0000 0.0198 0.0366 0.0479 0.0518 0.0479 0.0366 0.0198 0.0000
 0.0000 0.0152 0.0280 0.0366 0.0397 0.0366 0.0280 0.0152 0.0000
 0.0000 0.0082 0.0152 0.0198 0.0215 0.0198 0.0152 0.0082 0.0000
 0.0000 0.0000 0.0000 0.0000 0.0000 0.0000 0.0000 0.0000 0.0000
============================================================
Program for calculation of partial differential equations.  
============================================================
(c) Dr. Thomas Ludwig, TU München.
    Thomas A. Zochler, TU München.
    Andreas C. Schmidt, TU München.
============================================================

Berechnungszeit:    10.341990 s 
Speicherbedarf:     4.141861 MiB
Berechnungsmethode: Jacobi
Interlines:         64
Stoerfunktion:      f(x,y) = 2pi^2*sin(pi*x)sin(pi*y)
Terminierung:       Anzahl der Iterationen
Anzahl Iterationen: 3162
Norm des Fehlers:   8.642887e-06

Matrix:
 0.0000 0.0000 0.0000 0.0000 0.0000 0.0000 0.0000 0.0000 0.0000
 0.0000 0.0082 0.0152 0.0198 0.0215 0.0198 0.0152 0.0082 0.0000
 0.0000 0.0152 0.0280 0.0366 0.0397 0.0366 0.0280 0.0152 0.0000
 0.0000 0.0198 0.0366 0.0479 0.0518 0.0479 0.0366 0.0198 0.0000
 0.0000 0.0215 0.0397 0.0518 0.0561 0.0518 0.0397 0.0215 0.0000
 0.0000 0.0198 0.0366 0.0479 0.0518 0.0479 0.0366 0.0198 0.0000
 0.0000 0.0152 0.0280 0.0366 0.0397 0.0366 0.0280 0.0152 0.0000
 0.0000 0.0082 0.0152 0.0198 0.0215 0.0198 0.0152 0.0082 0.0000
 0.0000 0.0000 0.0000 0.0000 0.0000 0.0000 0.0000 0.0000 0.0000
============================================================
Program for calculation of partial differential equations.  
============================================================
(c) Dr. Thomas Ludwig, TU München.
    Thomas A. Zochler, TU München.
    Andreas C. Schmidt, TU München.
============================================================

Berechnungszeit:    10.342290 s 
Speicherbedarf:     4.141861 MiB
Berechnungsmethode: Jacobi
Interlines:         64
Stoerfunktion:      f(x,y) = 2pi^2*sin(pi*x)sin(pi*y)
Terminierung:       Anzahl der Iterationen
Anzahl Iterationen: 3162
Norm des Fehlers:   8.642887e-06

Matrix:
 0.0000 0.0000 0.0000 0.0000 0.0000 0.0000 0.0000 0.0000 0.0000
 0.0000 0.0082 0.0152 0.0198 0.0215 0.0198 0.0152 0.0082 0.0000
 0.0000 0.0152 0.0280 0.0366 0.0397 0.0366 0.0280 0.0152 0.0000
 0.0000 0.0198 0.0366 0.0479 0.0518 0.0479 0.0366 0.0198 0.0000
 0.0000 0.0215 0.0397 0.0518 0.0561 0.0518 0.0397 0.0215 0.0000
 0.0000 0.0198 0.0366 0.0479 0.0518 0.0479 0.0366 0.0198 0.0000
 0.0000 0.0152 0.0280 0.0366 0.0397 0.0366 0.0280 0.0152 0.0000
 0.0000 0.0082 0.0152 0.0198 0.0215 0.0198 0.0152 0.0082 0.0000
 0.0000 0.0000 0.0000 0.0000 0.0000 0.0000 0.0000 0.0000 0.0000
============================================================
Program for calculation of partial differential equations.  
============================================================
(c) Dr. Thomas Ludwig, TU München.
    Thomas A. Zochler, TU München.
    Andreas C. Schmidt, TU München.
============================================================

Berechnungszeit:    10.366076 s 
Speicherbedarf:     4.141861 MiB
Berechnungsmethode: Jacobi
Interlines:         64
Stoerfunktion:      f(x,y) = 2pi^2*sin(pi*x)sin(pi*y)
Terminierung:       Anzahl der Iterationen
Anzahl Iterationen: 3162
Norm des Fehlers:   8.642887e-06

Matrix:
 0.0000 0.0000 0.0000 0.0000 0.0000 0.0000 0.0000 0.0000 0.0000
 0.0000 0.0082 0.0152 0.0198 0.0215 0.0198 0.0152 0.0082 0.0000
 0.0000 0.0152 0.0280 0.0366 0.0397 0.0366 0.0280 0.0152 0.0000
 0.0000 0.0198 0.0366 0.0479 0.0518 0.0479 0.0366 0.0198 0.0000
 0.0000 0.0215 0.0397 0.0518 0.0561 0.0518 0.0397 0.0215 0.0000
 0.0000 0.0198 0.0366 0.0479 0.0518 0.0479 0.0366 0.0198 0.0000
 0.0000 0.0152 0.0280 0.0366 0.0397 0.0366 0.0280 0.0152 0.0000
 0.0000 0.0082 0.0152 0.0198 0.0215 0.0198 0.0152 0.0082 0.0000
 0.0000 0.0000 0.0000 0.0000 0.0000 0.0000 0.0000 0.0000 0.0000
