============================================================
Program for calculation of partial differential equations.  
============================================================
(c) Dr. Thomas Ludwig, TU München.
    Thomas A. Zochler, TU München.
    Andreas C. Schmidt, TU München.
============================================================

Berechnungszeit:    2.731381 s 
Speicherbedarf:     1.071548 MiB
Berechnungsmethode: Jacobi
Interlines:         32
Stoerfunktion:      f(x,y) = 2pi^2*sin(pi*x)sin(pi*y)
Terminierung:       Anzahl der Iterationen
Anzahl Iterationen: 3162
Norm des Fehlers:   2.830275e-05

Matrix:
 0.0000 0.0000 0.0000 0.0000 0.0000 0.0000 0.0000 0.0000 0.0000
 0.0000 0.0294 0.0543 0.0709 0.0768 0.0709 0.0543 0.0294 0.0000
 0.0000 0.0543 0.1003 0.1310 0.1418 0.1310 0.1003 0.0543 0.0000
 0.0000 0.0709 0.1310 0.1712 0.1853 0.1712 0.1310 0.0709 0.0000
 0.0000 0.0768 0.1418 0.1853 0.2006 0.1853 0.1418 0.0768 0.0000
 0.0000 0.0709 0.1310 0.1712 0.1853 0.1712 0.1310 0.0709 0.0000
 0.0000 0.0543 0.1003 0.1310 0.1418 0.1310 0.1003 0.0543 0.0000
 0.0000 0.0294 0.0543 0.0709 0.0768 0.0709 0.0543 0.0294 0.0000
 0.0000 0.0000 0.0000 0.0000 0.0000 0.0000 0.0000 0.0000 0.0000
============================================================
Program for calculation of partial differential equations.  
============================================================
(c) Dr. Thomas Ludwig, TU München.
    Thomas A. Zochler, TU München.
    Andreas C. Schmidt, TU München.
============================================================

Berechnungszeit:    2.734522 s 
Speicherbedarf:     1.071548 MiB
Berechnungsmethode: Jacobi
Interlines:         32
Stoerfunktion:      f(x,y) = 2pi^2*sin(pi*x)sin(pi*y)
Terminierung:       Anzahl der Iterationen
Anzahl Iterationen: 3162
Norm des Fehlers:   2.830275e-05

Matrix:
 0.0000 0.0000 0.0000 0.0000 0.0000 0.0000 0.0000 0.0000 0.0000
 0.0000 0.0294 0.0543 0.0709 0.0768 0.0709 0.0543 0.0294 0.0000
 0.0000 0.0543 0.1003 0.1310 0.1418 0.1310 0.1003 0.0543 0.0000
 0.0000 0.0709 0.1310 0.1712 0.1853 0.1712 0.1310 0.0709 0.0000
 0.0000 0.0768 0.1418 0.1853 0.2006 0.1853 0.1418 0.0768 0.0000
 0.0000 0.0709 0.1310 0.1712 0.1853 0.1712 0.1310 0.0709 0.0000
 0.0000 0.0543 0.1003 0.1310 0.1418 0.1310 0.1003 0.0543 0.0000
 0.0000 0.0294 0.0543 0.0709 0.0768 0.0709 0.0543 0.0294 0.0000
 0.0000 0.0000 0.0000 0.0000 0.0000 0.0000 0.0000 0.0000 0.0000
============================================================
Program for calculation of partial differential equations.  
============================================================
(c) Dr. Thomas Ludwig, TU München.
    Thomas A. Zochler, TU München.
    Andreas C. Schmidt, TU München.
============================================================

Berechnungszeit:    2.729443 s 
Speicherbedarf:     1.071548 MiB
Berechnungsmethode: Jacobi
Interlines:         32
Stoerfunktion:      f(x,y) = 2pi^2*sin(pi*x)sin(pi*y)
Terminierung:       Anzahl der Iterationen
Anzahl Iterationen: 3162
Norm des Fehlers:   2.830275e-05

Matrix:
 0.0000 0.0000 0.0000 0.0000 0.0000 0.0000 0.0000 0.0000 0.0000
 0.0000 0.0294 0.0543 0.0709 0.0768 0.0709 0.0543 0.0294 0.0000
 0.0000 0.0543 0.1003 0.1310 0.1418 0.1310 0.1003 0.0543 0.0000
 0.0000 0.0709 0.1310 0.1712 0.1853 0.1712 0.1310 0.0709 0.0000
 0.0000 0.0768 0.1418 0.1853 0.2006 0.1853 0.1418 0.0768 0.0000
 0.0000 0.0709 0.1310 0.1712 0.1853 0.1712 0.1310 0.0709 0.0000
 0.0000 0.0543 0.1003 0.1310 0.1418 0.1310 0.1003 0.0543 0.0000
 0.0000 0.0294 0.0543 0.0709 0.0768 0.0709 0.0543 0.0294 0.0000
 0.0000 0.0000 0.0000 0.0000 0.0000 0.0000 0.0000 0.0000 0.0000
============================================================
Program for calculation of partial differential equations.  
============================================================
(c) Dr. Thomas Ludwig, TU München.
    Thomas A. Zochler, TU München.
    Andreas C. Schmidt, TU München.
============================================================

Berechnungszeit:    2.732296 s 
Speicherbedarf:     1.071548 MiB
Berechnungsmethode: Jacobi
Interlines:         32
Stoerfunktion:      f(x,y) = 2pi^2*sin(pi*x)sin(pi*y)
Terminierung:       Anzahl der Iterationen
Anzahl Iterationen: 3162
Norm des Fehlers:   2.830275e-05

Matrix:
 0.0000 0.0000 0.0000 0.0000 0.0000 0.0000 0.0000 0.0000 0.0000
 0.0000 0.0294 0.0543 0.0709 0.0768 0.0709 0.0543 0.0294 0.0000
 0.0000 0.0543 0.1003 0.1310 0.1418 0.1310 0.1003 0.0543 0.0000
 0.0000 0.0709 0.1310 0.1712 0.1853 0.1712 0.1310 0.0709 0.0000
 0.0000 0.0768 0.1418 0.1853 0.2006 0.1853 0.1418 0.0768 0.0000
 0.0000 0.0709 0.1310 0.1712 0.1853 0.1712 0.1310 0.0709 0.0000
 0.0000 0.0543 0.1003 0.1310 0.1418 0.1310 0.1003 0.0543 0.0000
 0.0000 0.0294 0.0543 0.0709 0.0768 0.0709 0.0543 0.0294 0.0000
 0.0000 0.0000 0.0000 0.0000 0.0000 0.0000 0.0000 0.0000 0.0000
============================================================
Program for calculation of partial differential equations.  
============================================================
(c) Dr. Thomas Ludwig, TU München.
    Thomas A. Zochler, TU München.
    Andreas C. Schmidt, TU München.
============================================================

Berechnungszeit:    2.730170 s 
Speicherbedarf:     1.071548 MiB
Berechnungsmethode: Jacobi
Interlines:         32
Stoerfunktion:      f(x,y) = 2pi^2*sin(pi*x)sin(pi*y)
Terminierung:       Anzahl der Iterationen
Anzahl Iterationen: 3162
Norm des Fehlers:   2.830275e-05

Matrix:
 0.0000 0.0000 0.0000 0.0000 0.0000 0.0000 0.0000 0.0000 0.0000
 0.0000 0.0294 0.0543 0.0709 0.0768 0.0709 0.0543 0.0294 0.0000
 0.0000 0.0543 0.1003 0.1310 0.1418 0.1310 0.1003 0.0543 0.0000
 0.0000 0.0709 0.1310 0.1712 0.1853 0.1712 0.1310 0.0709 0.0000
 0.0000 0.0768 0.1418 0.1853 0.2006 0.1853 0.1418 0.0768 0.0000
 0.0000 0.0709 0.1310 0.1712 0.1853 0.1712 0.1310 0.0709 0.0000
 0.0000 0.0543 0.1003 0.1310 0.1418 0.1310 0.1003 0.0543 0.0000
 0.0000 0.0294 0.0543 0.0709 0.0768 0.0709 0.0543 0.0294 0.0000
 0.0000 0.0000 0.0000 0.0000 0.0000 0.0000 0.0000 0.0000 0.0000
