============================================================
Program for calculation of partial differential equations.  
============================================================
(c) Dr. Thomas Ludwig, TU München.
    Thomas A. Zochler, TU München.
    Andreas C. Schmidt, TU München.
============================================================

Berechnungszeit:    166.752745 s 
Speicherbedarf:     64.563736 MiB
Berechnungsmethode: Jacobi
Interlines:         256
Stoerfunktion:      f(x,y) = 2pi^2*sin(pi*x)sin(pi*y)
Terminierung:       Anzahl der Iterationen
Anzahl Iterationen: 3162
Norm des Fehlers:   5.820654e-07

Matrix:
 0.0000 0.0000 0.0000 0.0000 0.0000 0.0000 0.0000 0.0000 0.0000
 0.0000 0.0005 0.0010 0.0013 0.0014 0.0013 0.0010 0.0005 0.0000
 0.0000 0.0010 0.0018 0.0024 0.0026 0.0024 0.0018 0.0010 0.0000
 0.0000 0.0013 0.0024 0.0031 0.0034 0.0031 0.0024 0.0013 0.0000
 0.0000 0.0014 0.0026 0.0034 0.0037 0.0034 0.0026 0.0014 0.0000
 0.0000 0.0013 0.0024 0.0031 0.0034 0.0031 0.0024 0.0013 0.0000
 0.0000 0.0010 0.0018 0.0024 0.0026 0.0024 0.0018 0.0010 0.0000
 0.0000 0.0005 0.0010 0.0013 0.0014 0.0013 0.0010 0.0005 0.0000
 0.0000 0.0000 0.0000 0.0000 0.0000 0.0000 0.0000 0.0000 0.0000
============================================================
Program for calculation of partial differential equations.  
============================================================
(c) Dr. Thomas Ludwig, TU München.
    Thomas A. Zochler, TU München.
    Andreas C. Schmidt, TU München.
============================================================

Berechnungszeit:    166.408451 s 
Speicherbedarf:     64.563736 MiB
Berechnungsmethode: Jacobi
Interlines:         256
Stoerfunktion:      f(x,y) = 2pi^2*sin(pi*x)sin(pi*y)
Terminierung:       Anzahl der Iterationen
Anzahl Iterationen: 3162
Norm des Fehlers:   5.820654e-07

Matrix:
 0.0000 0.0000 0.0000 0.0000 0.0000 0.0000 0.0000 0.0000 0.0000
 0.0000 0.0005 0.0010 0.0013 0.0014 0.0013 0.0010 0.0005 0.0000
 0.0000 0.0010 0.0018 0.0024 0.0026 0.0024 0.0018 0.0010 0.0000
 0.0000 0.0013 0.0024 0.0031 0.0034 0.0031 0.0024 0.0013 0.0000
 0.0000 0.0014 0.0026 0.0034 0.0037 0.0034 0.0026 0.0014 0.0000
 0.0000 0.0013 0.0024 0.0031 0.0034 0.0031 0.0024 0.0013 0.0000
 0.0000 0.0010 0.0018 0.0024 0.0026 0.0024 0.0018 0.0010 0.0000
 0.0000 0.0005 0.0010 0.0013 0.0014 0.0013 0.0010 0.0005 0.0000
 0.0000 0.0000 0.0000 0.0000 0.0000 0.0000 0.0000 0.0000 0.0000
============================================================
Program for calculation of partial differential equations.  
============================================================
(c) Dr. Thomas Ludwig, TU München.
    Thomas A. Zochler, TU München.
    Andreas C. Schmidt, TU München.
============================================================

Berechnungszeit:    166.950712 s 
Speicherbedarf:     64.563736 MiB
Berechnungsmethode: Jacobi
Interlines:         256
Stoerfunktion:      f(x,y) = 2pi^2*sin(pi*x)sin(pi*y)
Terminierung:       Anzahl der Iterationen
Anzahl Iterationen: 3162
Norm des Fehlers:   5.820654e-07

Matrix:
 0.0000 0.0000 0.0000 0.0000 0.0000 0.0000 0.0000 0.0000 0.0000
 0.0000 0.0005 0.0010 0.0013 0.0014 0.0013 0.0010 0.0005 0.0000
 0.0000 0.0010 0.0018 0.0024 0.0026 0.0024 0.0018 0.0010 0.0000
 0.0000 0.0013 0.0024 0.0031 0.0034 0.0031 0.0024 0.0013 0.0000
 0.0000 0.0014 0.0026 0.0034 0.0037 0.0034 0.0026 0.0014 0.0000
 0.0000 0.0013 0.0024 0.0031 0.0034 0.0031 0.0024 0.0013 0.0000
 0.0000 0.0010 0.0018 0.0024 0.0026 0.0024 0.0018 0.0010 0.0000
 0.0000 0.0005 0.0010 0.0013 0.0014 0.0013 0.0010 0.0005 0.0000
 0.0000 0.0000 0.0000 0.0000 0.0000 0.0000 0.0000 0.0000 0.0000
============================================================
Program for calculation of partial differential equations.  
============================================================
(c) Dr. Thomas Ludwig, TU München.
    Thomas A. Zochler, TU München.
    Andreas C. Schmidt, TU München.
============================================================

Berechnungszeit:    166.764830 s 
Speicherbedarf:     64.563736 MiB
Berechnungsmethode: Jacobi
Interlines:         256
Stoerfunktion:      f(x,y) = 2pi^2*sin(pi*x)sin(pi*y)
Terminierung:       Anzahl der Iterationen
Anzahl Iterationen: 3162
Norm des Fehlers:   5.820654e-07

Matrix:
 0.0000 0.0000 0.0000 0.0000 0.0000 0.0000 0.0000 0.0000 0.0000
 0.0000 0.0005 0.0010 0.0013 0.0014 0.0013 0.0010 0.0005 0.0000
 0.0000 0.0010 0.0018 0.0024 0.0026 0.0024 0.0018 0.0010 0.0000
 0.0000 0.0013 0.0024 0.0031 0.0034 0.0031 0.0024 0.0013 0.0000
 0.0000 0.0014 0.0026 0.0034 0.0037 0.0034 0.0026 0.0014 0.0000
 0.0000 0.0013 0.0024 0.0031 0.0034 0.0031 0.0024 0.0013 0.0000
 0.0000 0.0010 0.0018 0.0024 0.0026 0.0024 0.0018 0.0010 0.0000
 0.0000 0.0005 0.0010 0.0013 0.0014 0.0013 0.0010 0.0005 0.0000
 0.0000 0.0000 0.0000 0.0000 0.0000 0.0000 0.0000 0.0000 0.0000
============================================================
Program for calculation of partial differential equations.  
============================================================
(c) Dr. Thomas Ludwig, TU München.
    Thomas A. Zochler, TU München.
    Andreas C. Schmidt, TU München.
============================================================

Berechnungszeit:    166.165787 s 
Speicherbedarf:     64.563736 MiB
Berechnungsmethode: Jacobi
Interlines:         256
Stoerfunktion:      f(x,y) = 2pi^2*sin(pi*x)sin(pi*y)
Terminierung:       Anzahl der Iterationen
Anzahl Iterationen: 3162
Norm des Fehlers:   5.820654e-07

Matrix:
 0.0000 0.0000 0.0000 0.0000 0.0000 0.0000 0.0000 0.0000 0.0000
 0.0000 0.0005 0.0010 0.0013 0.0014 0.0013 0.0010 0.0005 0.0000
 0.0000 0.0010 0.0018 0.0024 0.0026 0.0024 0.0018 0.0010 0.0000
 0.0000 0.0013 0.0024 0.0031 0.0034 0.0031 0.0024 0.0013 0.0000
 0.0000 0.0014 0.0026 0.0034 0.0037 0.0034 0.0026 0.0014 0.0000
 0.0000 0.0013 0.0024 0.0031 0.0034 0.0031 0.0024 0.0013 0.0000
 0.0000 0.0010 0.0018 0.0024 0.0026 0.0024 0.0018 0.0010 0.0000
 0.0000 0.0005 0.0010 0.0013 0.0014 0.0013 0.0010 0.0005 0.0000
 0.0000 0.0000 0.0000 0.0000 0.0000 0.0000 0.0000 0.0000 0.0000
