============================================================
Program for calculation of partial differential equations.  
============================================================
(c) Dr. Thomas Ludwig, TU München.
    Thomas A. Zochler, TU München.
    Andreas C. Schmidt, TU München.
============================================================

Berechnungszeit:    41.355076 s 
Speicherbedarf:     16.282486 MiB
Berechnungsmethode: Jacobi
Interlines:         128
Stoerfunktion:      f(x,y) = 2pi^2*sin(pi*x)sin(pi*y)
Terminierung:       Anzahl der Iterationen
Anzahl Iterationen: 3162
Norm des Fehlers:   2.283071e-06

Matrix:
 0.0000 0.0000 0.0000 0.0000 0.0000 0.0000 0.0000 0.0000 0.0000
 0.0000 0.0021 0.0039 0.0051 0.0056 0.0051 0.0039 0.0021 0.0000
 0.0000 0.0039 0.0073 0.0095 0.0103 0.0095 0.0073 0.0039 0.0000
 0.0000 0.0051 0.0095 0.0124 0.0134 0.0124 0.0095 0.0051 0.0000
 0.0000 0.0056 0.0103 0.0134 0.0145 0.0134 0.0103 0.0056 0.0000
 0.0000 0.0051 0.0095 0.0124 0.0134 0.0124 0.0095 0.0051 0.0000
 0.0000 0.0039 0.0073 0.0095 0.0103 0.0095 0.0073 0.0039 0.0000
 0.0000 0.0021 0.0039 0.0051 0.0056 0.0051 0.0039 0.0021 0.0000
 0.0000 0.0000 0.0000 0.0000 0.0000 0.0000 0.0000 0.0000 0.0000
============================================================
Program for calculation of partial differential equations.  
============================================================
(c) Dr. Thomas Ludwig, TU München.
    Thomas A. Zochler, TU München.
    Andreas C. Schmidt, TU München.
============================================================

Berechnungszeit:    41.337786 s 
Speicherbedarf:     16.282486 MiB
Berechnungsmethode: Jacobi
Interlines:         128
Stoerfunktion:      f(x,y) = 2pi^2*sin(pi*x)sin(pi*y)
Terminierung:       Anzahl der Iterationen
Anzahl Iterationen: 3162
Norm des Fehlers:   2.283071e-06

Matrix:
 0.0000 0.0000 0.0000 0.0000 0.0000 0.0000 0.0000 0.0000 0.0000
 0.0000 0.0021 0.0039 0.0051 0.0056 0.0051 0.0039 0.0021 0.0000
 0.0000 0.0039 0.0073 0.0095 0.0103 0.0095 0.0073 0.0039 0.0000
 0.0000 0.0051 0.0095 0.0124 0.0134 0.0124 0.0095 0.0051 0.0000
 0.0000 0.0056 0.0103 0.0134 0.0145 0.0134 0.0103 0.0056 0.0000
 0.0000 0.0051 0.0095 0.0124 0.0134 0.0124 0.0095 0.0051 0.0000
 0.0000 0.0039 0.0073 0.0095 0.0103 0.0095 0.0073 0.0039 0.0000
 0.0000 0.0021 0.0039 0.0051 0.0056 0.0051 0.0039 0.0021 0.0000
 0.0000 0.0000 0.0000 0.0000 0.0000 0.0000 0.0000 0.0000 0.0000
============================================================
Program for calculation of partial differential equations.  
============================================================
(c) Dr. Thomas Ludwig, TU München.
    Thomas A. Zochler, TU München.
    Andreas C. Schmidt, TU München.
============================================================

Berechnungszeit:    41.358328 s 
Speicherbedarf:     16.282486 MiB
Berechnungsmethode: Jacobi
Interlines:         128
Stoerfunktion:      f(x,y) = 2pi^2*sin(pi*x)sin(pi*y)
Terminierung:       Anzahl der Iterationen
Anzahl Iterationen: 3162
Norm des Fehlers:   2.283071e-06

Matrix:
 0.0000 0.0000 0.0000 0.0000 0.0000 0.0000 0.0000 0.0000 0.0000
 0.0000 0.0021 0.0039 0.0051 0.0056 0.0051 0.0039 0.0021 0.0000
 0.0000 0.0039 0.0073 0.0095 0.0103 0.0095 0.0073 0.0039 0.0000
 0.0000 0.0051 0.0095 0.0124 0.0134 0.0124 0.0095 0.0051 0.0000
 0.0000 0.0056 0.0103 0.0134 0.0145 0.0134 0.0103 0.0056 0.0000
 0.0000 0.0051 0.0095 0.0124 0.0134 0.0124 0.0095 0.0051 0.0000
 0.0000 0.0039 0.0073 0.0095 0.0103 0.0095 0.0073 0.0039 0.0000
 0.0000 0.0021 0.0039 0.0051 0.0056 0.0051 0.0039 0.0021 0.0000
 0.0000 0.0000 0.0000 0.0000 0.0000 0.0000 0.0000 0.0000 0.0000
============================================================
Program for calculation of partial differential equations.  
============================================================
(c) Dr. Thomas Ludwig, TU München.
    Thomas A. Zochler, TU München.
    Andreas C. Schmidt, TU München.
============================================================

Berechnungszeit:    41.288255 s 
Speicherbedarf:     16.282486 MiB
Berechnungsmethode: Jacobi
Interlines:         128
Stoerfunktion:      f(x,y) = 2pi^2*sin(pi*x)sin(pi*y)
Terminierung:       Anzahl der Iterationen
Anzahl Iterationen: 3162
Norm des Fehlers:   2.283071e-06

Matrix:
 0.0000 0.0000 0.0000 0.0000 0.0000 0.0000 0.0000 0.0000 0.0000
 0.0000 0.0021 0.0039 0.0051 0.0056 0.0051 0.0039 0.0021 0.0000
 0.0000 0.0039 0.0073 0.0095 0.0103 0.0095 0.0073 0.0039 0.0000
 0.0000 0.0051 0.0095 0.0124 0.0134 0.0124 0.0095 0.0051 0.0000
 0.0000 0.0056 0.0103 0.0134 0.0145 0.0134 0.0103 0.0056 0.0000
 0.0000 0.0051 0.0095 0.0124 0.0134 0.0124 0.0095 0.0051 0.0000
 0.0000 0.0039 0.0073 0.0095 0.0103 0.0095 0.0073 0.0039 0.0000
 0.0000 0.0021 0.0039 0.0051 0.0056 0.0051 0.0039 0.0021 0.0000
 0.0000 0.0000 0.0000 0.0000 0.0000 0.0000 0.0000 0.0000 0.0000
============================================================
Program for calculation of partial differential equations.  
============================================================
(c) Dr. Thomas Ludwig, TU München.
    Thomas A. Zochler, TU München.
    Andreas C. Schmidt, TU München.
============================================================

Berechnungszeit:    41.315434 s 
Speicherbedarf:     16.282486 MiB
Berechnungsmethode: Jacobi
Interlines:         128
Stoerfunktion:      f(x,y) = 2pi^2*sin(pi*x)sin(pi*y)
Terminierung:       Anzahl der Iterationen
Anzahl Iterationen: 3162
Norm des Fehlers:   2.283071e-06

Matrix:
 0.0000 0.0000 0.0000 0.0000 0.0000 0.0000 0.0000 0.0000 0.0000
 0.0000 0.0021 0.0039 0.0051 0.0056 0.0051 0.0039 0.0021 0.0000
 0.0000 0.0039 0.0073 0.0095 0.0103 0.0095 0.0073 0.0039 0.0000
 0.0000 0.0051 0.0095 0.0124 0.0134 0.0124 0.0095 0.0051 0.0000
 0.0000 0.0056 0.0103 0.0134 0.0145 0.0134 0.0103 0.0056 0.0000
 0.0000 0.0051 0.0095 0.0124 0.0134 0.0124 0.0095 0.0051 0.0000
 0.0000 0.0039 0.0073 0.0095 0.0103 0.0095 0.0073 0.0039 0.0000
 0.0000 0.0021 0.0039 0.0051 0.0056 0.0051 0.0039 0.0021 0.0000
 0.0000 0.0000 0.0000 0.0000 0.0000 0.0000 0.0000 0.0000 0.0000
