============================================================
Program for calculation of partial differential equations.  
============================================================
(c) Dr. Thomas Ludwig, TU München.
    Thomas A. Zochler, TU München.
    Andreas C. Schmidt, TU München.
============================================================

Berechnungszeit:    0.230214 s 
Speicherbedarf:     0.081314 MiB
Berechnungsmethode: Jacobi
Interlines:         8
Stoerfunktion:      f(x,y) = 2pi^2*sin(pi*x)sin(pi*y)
Terminierung:       Anzahl der Iterationen
Anzahl Iterationen: 3162
Norm des Fehlers:   1.214431e-05

Matrix:
 0.0000 0.0000 0.0000 0.0000 0.0000 0.0000 0.0000 0.0000 0.0000
 0.0000 0.1393 0.2573 0.3362 0.3639 0.3362 0.2573 0.1393 0.0000
 0.0000 0.2573 0.4755 0.6212 0.6724 0.6212 0.4755 0.2573 0.0000
 0.0000 0.3362 0.6212 0.8116 0.8785 0.8116 0.6212 0.3362 0.0000
 0.0000 0.3639 0.6724 0.8785 0.9509 0.8785 0.6724 0.3639 0.0000
 0.0000 0.3362 0.6212 0.8116 0.8785 0.8116 0.6212 0.3362 0.0000
 0.0000 0.2573 0.4755 0.6212 0.6724 0.6212 0.4755 0.2573 0.0000
 0.0000 0.1393 0.2573 0.3362 0.3639 0.3362 0.2573 0.1393 0.0000
 0.0000 0.0000 0.0000 0.0000 0.0000 0.0000 0.0000 0.0000 0.0000
============================================================
Program for calculation of partial differential equations.  
============================================================
(c) Dr. Thomas Ludwig, TU München.
    Thomas A. Zochler, TU München.
    Andreas C. Schmidt, TU München.
============================================================

Berechnungszeit:    0.229371 s 
Speicherbedarf:     0.081314 MiB
Berechnungsmethode: Jacobi
Interlines:         8
Stoerfunktion:      f(x,y) = 2pi^2*sin(pi*x)sin(pi*y)
Terminierung:       Anzahl der Iterationen
Anzahl Iterationen: 3162
Norm des Fehlers:   1.214431e-05

Matrix:
 0.0000 0.0000 0.0000 0.0000 0.0000 0.0000 0.0000 0.0000 0.0000
 0.0000 0.1393 0.2573 0.3362 0.3639 0.3362 0.2573 0.1393 0.0000
 0.0000 0.2573 0.4755 0.6212 0.6724 0.6212 0.4755 0.2573 0.0000
 0.0000 0.3362 0.6212 0.8116 0.8785 0.8116 0.6212 0.3362 0.0000
 0.0000 0.3639 0.6724 0.8785 0.9509 0.8785 0.6724 0.3639 0.0000
 0.0000 0.3362 0.6212 0.8116 0.8785 0.8116 0.6212 0.3362 0.0000
 0.0000 0.2573 0.4755 0.6212 0.6724 0.6212 0.4755 0.2573 0.0000
 0.0000 0.1393 0.2573 0.3362 0.3639 0.3362 0.2573 0.1393 0.0000
 0.0000 0.0000 0.0000 0.0000 0.0000 0.0000 0.0000 0.0000 0.0000
============================================================
Program for calculation of partial differential equations.  
============================================================
(c) Dr. Thomas Ludwig, TU München.
    Thomas A. Zochler, TU München.
    Andreas C. Schmidt, TU München.
============================================================

Berechnungszeit:    0.229012 s 
Speicherbedarf:     0.081314 MiB
Berechnungsmethode: Jacobi
Interlines:         8
Stoerfunktion:      f(x,y) = 2pi^2*sin(pi*x)sin(pi*y)
Terminierung:       Anzahl der Iterationen
Anzahl Iterationen: 3162
Norm des Fehlers:   1.214431e-05

Matrix:
 0.0000 0.0000 0.0000 0.0000 0.0000 0.0000 0.0000 0.0000 0.0000
 0.0000 0.1393 0.2573 0.3362 0.3639 0.3362 0.2573 0.1393 0.0000
 0.0000 0.2573 0.4755 0.6212 0.6724 0.6212 0.4755 0.2573 0.0000
 0.0000 0.3362 0.6212 0.8116 0.8785 0.8116 0.6212 0.3362 0.0000
 0.0000 0.3639 0.6724 0.8785 0.9509 0.8785 0.6724 0.3639 0.0000
 0.0000 0.3362 0.6212 0.8116 0.8785 0.8116 0.6212 0.3362 0.0000
 0.0000 0.2573 0.4755 0.6212 0.6724 0.6212 0.4755 0.2573 0.0000
 0.0000 0.1393 0.2573 0.3362 0.3639 0.3362 0.2573 0.1393 0.0000
 0.0000 0.0000 0.0000 0.0000 0.0000 0.0000 0.0000 0.0000 0.0000
============================================================
Program for calculation of partial differential equations.  
============================================================
(c) Dr. Thomas Ludwig, TU München.
    Thomas A. Zochler, TU München.
    Andreas C. Schmidt, TU München.
============================================================

Berechnungszeit:    0.230222 s 
Speicherbedarf:     0.081314 MiB
Berechnungsmethode: Jacobi
Interlines:         8
Stoerfunktion:      f(x,y) = 2pi^2*sin(pi*x)sin(pi*y)
Terminierung:       Anzahl der Iterationen
Anzahl Iterationen: 3162
Norm des Fehlers:   1.214431e-05

Matrix:
 0.0000 0.0000 0.0000 0.0000 0.0000 0.0000 0.0000 0.0000 0.0000
 0.0000 0.1393 0.2573 0.3362 0.3639 0.3362 0.2573 0.1393 0.0000
 0.0000 0.2573 0.4755 0.6212 0.6724 0.6212 0.4755 0.2573 0.0000
 0.0000 0.3362 0.6212 0.8116 0.8785 0.8116 0.6212 0.3362 0.0000
 0.0000 0.3639 0.6724 0.8785 0.9509 0.8785 0.6724 0.3639 0.0000
 0.0000 0.3362 0.6212 0.8116 0.8785 0.8116 0.6212 0.3362 0.0000
 0.0000 0.2573 0.4755 0.6212 0.6724 0.6212 0.4755 0.2573 0.0000
 0.0000 0.1393 0.2573 0.3362 0.3639 0.3362 0.2573 0.1393 0.0000
 0.0000 0.0000 0.0000 0.0000 0.0000 0.0000 0.0000 0.0000 0.0000
============================================================
Program for calculation of partial differential equations.  
============================================================
(c) Dr. Thomas Ludwig, TU München.
    Thomas A. Zochler, TU München.
    Andreas C. Schmidt, TU München.
============================================================

Berechnungszeit:    0.227674 s 
Speicherbedarf:     0.081314 MiB
Berechnungsmethode: Jacobi
Interlines:         8
Stoerfunktion:      f(x,y) = 2pi^2*sin(pi*x)sin(pi*y)
Terminierung:       Anzahl der Iterationen
Anzahl Iterationen: 3162
Norm des Fehlers:   1.214431e-05

Matrix:
 0.0000 0.0000 0.0000 0.0000 0.0000 0.0000 0.0000 0.0000 0.0000
 0.0000 0.1393 0.2573 0.3362 0.3639 0.3362 0.2573 0.1393 0.0000
 0.0000 0.2573 0.4755 0.6212 0.6724 0.6212 0.4755 0.2573 0.0000
 0.0000 0.3362 0.6212 0.8116 0.8785 0.8116 0.6212 0.3362 0.0000
 0.0000 0.3639 0.6724 0.8785 0.9509 0.8785 0.6724 0.3639 0.0000
 0.0000 0.3362 0.6212 0.8116 0.8785 0.8116 0.6212 0.3362 0.0000
 0.0000 0.2573 0.4755 0.6212 0.6724 0.6212 0.4755 0.2573 0.0000
 0.0000 0.1393 0.2573 0.3362 0.3639 0.3362 0.2573 0.1393 0.0000
 0.0000 0.0000 0.0000 0.0000 0.0000 0.0000 0.0000 0.0000 0.0000
