west1: 11/21/18 11:50:30.292957 - rank: 0 
west2: 11/21/18 11:50:30.293243 - rank: 1 
