west2: 11/21/18 12:12:18.271906 - rank: 1 
west1: 11/21/18 12:12:18.272140 - rank: 0 
