============================================================
Program for calculation of partial differential equations.  
============================================================
(c) Dr. Thomas Ludwig, TU München.
    Thomas A. Zochler, TU München.
    Andreas C. Schmidt, TU München.
============================================================

Berechnungszeit:    42.461110 s 
Speicherbedarf:     4.141861 MiB
Berechnungsmethode: Jacobi
Interlines:         64
Stoerfunktion:      f(x,y) = 2pi^2*sin(pi*x)sin(pi*y)
Terminierung:       Anzahl der Iterationen
Anzahl Iterationen: 5000
Norm des Fehlers:   1.665871e-05

Matrix:
 0.0000 0.0000 0.0000 0.0000 0.0000 0.0000 0.0000 0.0000 0.0000
 0.0000 0.0128 0.0236 0.0308 0.0334 0.0308 0.0236 0.0128 0.0000
 0.0000 0.0236 0.0436 0.0570 0.0617 0.0570 0.0436 0.0236 0.0000
 0.0000 0.0308 0.0570 0.0744 0.0806 0.0744 0.0570 0.0308 0.0000
 0.0000 0.0334 0.0617 0.0806 0.0872 0.0806 0.0617 0.0334 0.0000
 0.0000 0.0308 0.0570 0.0744 0.0806 0.0744 0.0570 0.0308 0.0000
 0.0000 0.0236 0.0436 0.0570 0.0617 0.0570 0.0436 0.0236 0.0000
 0.0000 0.0128 0.0236 0.0308 0.0334 0.0308 0.0236 0.0128 0.0000
 0.0000 0.0000 0.0000 0.0000 0.0000 0.0000 0.0000 0.0000 0.0000
