============================================================
Program for calculation of partial differential equations.  
============================================================
(c) Dr. Thomas Ludwig, TU München.
    Thomas A. Zochler, TU München.
    Andreas C. Schmidt, TU München.
============================================================

Berechnungszeit:    14.825143 s 
Speicherbedarf:     16.282486 MiB
Berechnungsmethode: Jacobi
Interlines:         128
Stoerfunktion:      f(x,y) = 0
Terminierung:       Hinreichende Genaugkeit
Anzahl Iterationen: 3375
Norm des Fehlers:   9.998736e-05

Matrix:
 1.0000 0.8750 0.7500 0.6250 0.5000 0.3750 0.2500 0.1250 0.0000
 0.8750 0.0029 0.0013 0.0011 0.0008 0.0006 0.0004 0.0004 0.1250
 0.7500 0.0013 0.0000 0.0000 0.0000 0.0000 0.0000 0.0004 0.2500
 0.6250 0.0011 0.0000 0.0000 0.0000 0.0000 0.0000 0.0006 0.3750
 0.5000 0.0008 0.0000 0.0000 0.0000 0.0000 0.0000 0.0008 0.5000
 0.3750 0.0006 0.0000 0.0000 0.0000 0.0000 0.0000 0.0011 0.6250
 0.2500 0.0004 0.0000 0.0000 0.0000 0.0000 0.0000 0.0013 0.7500
 0.1250 0.0004 0.0004 0.0006 0.0008 0.0011 0.0013 0.0029 0.8750
 0.0000 0.1250 0.2500 0.3750 0.5000 0.6250 0.7500 0.8750 1.0000
